94.9935	C18-neg	1.57E-05	2.102368885
94.9935	C18-neg	2.03E-05	2.168240782
94.9935	C18-neg	2.59E-05	2.152851953
94.9935	C18-neg	2.78E-05	2.12279172
94.9935	C18-neg	2.82E-05	2.140661063
94.9935	C18-neg	3.75E-05	2.122462746
94.9935	C18-neg	3.77E-05	2.141385004
94.9935	C18-neg	3.78E-05	2.125994641
94.9935	C18-neg	4.36E-05	2.134735701
94.9935	C18-neg	4.36E-05	2.134500157
94.9935	C18-neg	4.97E-05	2.126249841
94.9935	C18-neg	5.03E-05	2.104045585
94.9935	C18-neg	6.92E-05	2.109958341
94.9935	C18-neg	8.52E-05	2.093368074
94.9935	C18-neg	9.80E-05	2.099373251
94.9935	C18-neg	9.87E-05	2.093359558
94.9935	C18-neg	0.000124878	2.090180276
94.9935	C18-neg	0.000383005	2.030561463
94.9935	C18-neg	0.000417289	2.024743229
94.9935	C18-neg	0.000431311	2.005498096
94.9935	C18-neg	0.000560195	2.002276941
94.9935	C18-neg	0.000590381	1.991310882
94.9935	C18-neg	0.000708327	1.918427358
94.9935	C18-neg	0.001003729	1.966966838
94.9935	C18-neg	0.001234464	1.950343481
94.9935	C18-neg	0.0012429	1.953805212
94.9935	C18-neg	0.001274343	1.949724688
94.9935	C18-neg	0.001383762	1.816947301
94.9935	C18-neg	0.001462242	1.935877707
94.9935	C18-neg	0.001532078	1.89095121
94.9935	C18-neg	0.001553613	1.934490196
94.9935	C18-neg	0.001633752	1.922362394
94.9935	C18-neg	0.001730446	1.859993376
94.9935	C18-neg	0.002211202	1.825597624
94.9935	C18-neg	0.00250328	1.902339161
94.9935	C18-neg	0.002801	1.878739632
94.9935	C18-neg	0.003204691	1.849652994
94.9935	C18-neg	0.003503009	1.874860714
94.9935	C18-neg	0.003529411	1.863115699
94.9935	C18-neg	0.004006222	1.844731699
94.9935	C18-neg	0.004316508	1.810882902
94.9935	C18-neg	0.004594489	1.849793303
94.9935	C18-neg	0.005272575	1.812163684
94.9935	C18-neg	0.005462795	1.822020106
94.9935	C18-neg	0.005975469	1.80808005
94.9935	C18-neg	0.006044306	1.823269556
94.9935	C18-neg	0.007433618	1.801394786
94.9935	C18-neg	0.007709512	1.802654575
94.9936	C18-neg	0.000326047	2.003694781
94.9936	C18-neg	0.000701645	1.983293807
94.9936	C18-neg	0.002150366	1.912134703
94.9936	C18-neg	0.003665793	1.864457845
94.9936	C18-neg	0.004006222	1.859154038
94.9936	C18-neg	0.009328028	1.778033945
96.9586	C18-neg	0.000652425	1.87082515
96.9586	C18-neg	0.001063956	-1.962987804
96.9681	C18-neg	0.000640689	-1.883442671
96.9681	C18-neg	0.001836588	-1.833453215
96.9681	C18-neg	0.00450055	-1.724314024
98.9377	C18-neg	0.0002776	2.042920357
98.9377	C18-neg	0.001435774	1.938800349
98.9377	C18-neg	0.001635767	1.909056338
98.9377	C18-neg	0.004376722	1.854702947
98.9476	C18-neg	0.005137124	-1.815996991
99.0073	C18-neg	0.00578954	-1.765867789
102.0183	C18-neg	0.003678209	-1.804139134
103.9188	C18-neg	7.66E-06	2.098143888
103.9188	C18-neg	1.07E-05	1.941067683
103.9188	C18-neg	3.91E-05	2.055041914
103.9188	C18-neg	0.000130012	1.976099424
103.9188	C18-neg	0.000153989	1.917809319
103.9188	C18-neg	0.000171282	1.984777067
103.9188	C18-neg	0.000186673	1.969294699
103.9188	C18-neg	0.000348915	1.890137195
103.9188	C18-neg	0.000644413	1.898517889
103.9188	C18-neg	0.000772725	1.911452604
103.9188	C18-neg	0.001812689	1.863125025
103.9188	C18-neg	0.002456606	1.883372473
103.9188	C18-neg	0.007959744	1.77059959
108.0053	C18-neg	0.006202274	-1.682613442
108.0054	C18-neg	0.009620787	-1.780871628
109.9326	C18-neg	0.007056171	-1.639584022
113.9249	C18-neg	0.000329041	1.97123118
113.9249	C18-neg	0.000440675	1.88450041
113.9249	C18-neg	0.000634481	1.973450244
113.9249	C18-neg	0.000983183	1.926035761
113.9249	C18-neg	0.001999592	1.830825046
116.9148	C18-neg	0.000428046	1.902979618
116.9398	C18-neg	9.60E-05	1.973520221
116.9399	C18-neg	0.00599326	1.703204301
117.0175	C18-neg	0.000329041	-1.813998614
117.0175	C18-neg	0.000815361	-1.831569109
117.0175	C18-neg	0.002164054	-1.775151063
117.0175	C18-neg	0.002775655	-1.801656395
117.0175	C18-neg	0.003534158	-1.725243398
117.0176	C18-neg	0.000159248	-1.929744565
117.0176	C18-neg	0.001503622	-1.81217859
117.0176	C18-neg	0.001751064	-1.870339311
117.0177	C18-neg	0.000468358	-1.88447041
117.0177	C18-neg	0.000469139	-1.872661833
117.0177	C18-neg	0.000781018	-1.839886407
117.0177	C18-neg	0.001189271	-1.802705881
117.0177	C18-neg	0.001502957	-1.804543595
117.0177	C18-neg	0.001546318	-1.785392565
117.0177	C18-neg	0.001645936	-1.756379062
117.0177	C18-neg	0.001854513	-1.860314381
117.0177	C18-neg	0.002636752	-1.697872115
117.0177	C18-neg	0.005191448	-1.765751234
118.0034	C18-neg	0.007152067	-1.774394106
118.9229	C18-neg	0.001507793	1.873737798
118.965	C18-neg	4.70E-05	-2.090231619
118.965	C18-neg	0.002104392	-1.916233789
118.965	C18-neg	0.005167679	-1.744160467
118.9912	C18-neg	1.63E-05	2.131896266
118.9912	C18-neg	2.54E-05	2.138204613
118.9912	C18-neg	0.000550875	2.007767101
118.9912	C18-neg	0.000772725	1.987896369
118.9912	C18-neg	0.000804684	1.944462705
118.9912	C18-neg	0.001523164	1.901634698
118.9912	C18-neg	0.002228904	1.908199965
118.9912	C18-neg	0.002533091	1.900135819
118.9912	C18-neg	0.00402417	1.833161776
118.9912	C18-neg	0.004892448	1.759535354
118.9912	C18-neg	0.005191448	1.741668685
118.9912	C18-neg	0.008570793	1.785063248
118.9912	C18-neg	0.009498377	1.750373436
118.9913	C18-neg	0.000326047	2.030663648
118.9913	C18-neg	0.000332078	2.018845405
118.9913	C18-neg	0.001189271	1.948710981
118.9913	C18-neg	0.005321248	1.766852007
119.9063	C18-neg	2.74E-06	2.231189623
119.9063	C18-neg	1.01E-05	2.191021974
119.9063	C18-neg	0.000361605	2.029392585
119.9063	C18-neg	0.00042371	2.01561958
119.9063	C18-neg	0.001332548	1.892589585
119.9063	C18-neg	0.001840603	1.889581004
119.9063	C18-neg	0.002367727	1.854586333
119.9063	C18-neg	0.002660674	1.896814162
119.9063	C18-neg	0.00291319	1.888414797
119.9063	C18-neg	0.003106094	1.844411766
119.9063	C18-neg	0.005763275	1.822871052
119.9063	C18-neg	0.007839432	1.794347655
119.9063	C18-neg	0.009007535	1.788329912
121.9034	C18-neg	0.000176118	2.072932153
123.0075	C18-neg	0.000212791	-2.046202392
124.9537	C18-neg	0.001041816	1.819604531
125.8719	C18-neg	6.76E-06	2.19774082
126.9039	C18-neg	0.003742252	-1.8336883
127.869	C18-neg	6.17E-05	2.07745925
128.034	C18-neg	0.000119325	-2.056688347
128.034	C18-neg	0.001063162	-1.954135288
128.034	C18-neg	0.001274343	-1.87113855
128.034	C18-neg	0.00251818	-1.899651545
128.034	C18-neg	0.003224582	-1.850270382
128.034	C18-neg	0.004542957	-1.845335572
128.034	C18-neg	0.005716442	-1.827263996
128.034	C18-neg	0.009710694	-1.762824734
128.0341	C18-neg	3.04E-06	-2.233586271
128.0341	C18-neg	7.04E-06	-2.185482031
128.0341	C18-neg	1.74E-05	-2.172118449
128.0341	C18-neg	7.48E-05	-2.100546991
128.0341	C18-neg	9.48E-05	-2.099048066
128.0341	C18-neg	0.000125855	-2.074088218
128.0341	C18-neg	0.000135026	-2.084119965
128.0341	C18-neg	0.000220163	-2.03605116
128.0341	C18-neg	0.000244277	-2.041253835
128.0341	C18-neg	0.000253359	-2.048147299
128.0341	C18-neg	0.0002673	-2.034304482
128.0341	C18-neg	0.000342761	-2.017968973
128.0341	C18-neg	0.000381651	-1.999498649
128.0341	C18-neg	0.00045145	-2.020844366
128.0341	C18-neg	0.000575551	-2.005727039
128.0341	C18-neg	0.000603269	-1.992182232
128.0341	C18-neg	0.000640689	-1.970885316
128.0341	C18-neg	0.000692931	-1.992643941
128.0341	C18-neg	0.00092929	-1.964995684
128.0341	C18-neg	0.001072466	-1.961890477
128.0341	C18-neg	0.001141247	-1.912310254
128.0341	C18-neg	0.001150205	-1.957487139
128.0341	C18-neg	0.001189271	-1.909023608
128.0341	C18-neg	0.001193993	-1.95729676
128.0341	C18-neg	0.001334462	-1.929603181
128.0341	C18-neg	0.001646377	-1.933555221
128.0341	C18-neg	0.001680724	-1.911232907
128.0341	C18-neg	0.001812689	-1.924096897
128.0341	C18-neg	0.002104392	-1.916269946
128.0341	C18-neg	0.002217439	-1.900666035
128.0341	C18-neg	0.002616903	-1.865447962
128.0341	C18-neg	0.00287063	-1.856872149
128.0341	C18-neg	0.003141589	-1.845363614
128.0341	C18-neg	0.003359461	-1.862806149
128.0341	C18-neg	0.00450055	-1.852463423
128.0341	C18-neg	0.004547632	-1.825885406
128.0341	C18-neg	0.004597427	-1.850228815
128.0341	C18-neg	0.004640454	-1.849635526
128.0341	C18-neg	0.00481593	-1.794035607
128.0341	C18-neg	0.005066581	-1.841563547
128.0341	C18-neg	0.006097472	-1.802363881
128.0341	C18-neg	0.006189896	-1.818814143
129.9351	C18-neg	2.06E-05	2.083613829
129.9351	C18-neg	5.38E-05	2.129866277
129.9351	C18-neg	0.000560282	2.004886446
129.9351	C18-neg	0.000973259	1.972793863
129.9351	C18-neg	0.001125393	1.962429572
129.9351	C18-neg	0.001544025	1.93648436
129.9351	C18-neg	0.002025147	1.840017286
129.9351	C18-neg	0.002625848	1.897218139
129.9351	C18-neg	0.002801	1.880567738
129.9351	C18-neg	0.006224207	1.821481321
129.9351	C18-neg	0.0074953	1.797587069
129.9351	C18-neg	0.008960598	1.782375877
129.9351	C18-neg	0.009498377	1.734326139
133.013	C18-neg	0.001581314	1.908146782
135.9697	C18-neg	0.000389513	-2.024669976
136.9311	C18-neg	0.00066277	-1.991287822
136.9311	C18-neg	0.001098273	-1.902246373
136.9311	C18-neg	0.002401395	-1.772612497
136.9311	C18-neg	0.002740282	-1.859332957
136.9311	C18-neg	0.005048211	-1.783318194
136.9311	C18-neg	0.005791819	-1.722934362
136.9311	C18-neg	0.007839432	-1.752067345
136.9312	C18-neg	0.000909382	-1.959270304
136.9312	C18-neg	0.006020544	-1.82501587
138.0183	C18-neg	0.006490967	1.80801386
138.0184	C18-neg	0.001135207	1.920612695
138.9092	C18-neg	6.54E-05	2.073033039
138.9092	C18-neg	0.000213684	2.015446946
138.9092	C18-neg	0.00026768	2.04737333
138.9092	C18-neg	0.000282229	1.956431911
138.9092	C18-neg	0.000326047	2.040369731
138.9092	C18-neg	0.000462188	2.002911727
138.9092	C18-neg	0.000552979	2.001447142
138.9092	C18-neg	0.000618693	1.915270899
138.9092	C18-neg	0.000793772	1.936016287
138.9092	C18-neg	0.001020704	1.969000379
138.9092	C18-neg	0.001189007	1.957593985
138.9092	C18-neg	0.001393681	1.899295038
138.9092	C18-neg	0.001502957	1.933782148
138.9092	C18-neg	0.00165902	1.90131637
138.9092	C18-neg	0.002729407	1.861960647
138.9092	C18-neg	0.003812918	1.770272194
138.9092	C18-neg	0.004328279	1.841317127
138.9092	C18-neg	0.008363475	1.780150696
139.0025	C18-neg	0.001738148	-1.868841645
141.01	C18-neg	0.009164341	-1.782732083
142.9277	C18-neg	0.000616687	1.998502325
142.9277	C18-neg	0.003633696	1.859124324
142.9277	C18-neg	0.004006222	1.848059733
142.9277	C18-neg	0.004256272	1.854689512
142.9278	C18-neg	9.70E-05	2.025826412
142.9278	C18-neg	0.00251818	1.885085256
142.9521	C18-neg	7.14E-05	-2.11027239
143.0701	C18-neg	0.005747493	1.825533332
144.9222	C18-neg	0.003224582	1.769403543
144.9905	C18-neg	0.001573939	1.937101255
145.9405	C18-neg	0.000116347	1.919114502
146.9374	C18-neg	0.002080815	1.917062465
146.9374	C18-neg	0.008620747	1.789682788
148.9176	C18-neg	3.42E-05	2.057711116
148.9176	C18-neg	4.75E-05	2.003472272
148.9176	C18-neg	0.000190571	2.050420381
148.9176	C18-neg	0.000511923	1.950198133
148.9176	C18-neg	0.000550875	1.935649287
148.9176	C18-neg	0.000909382	1.96769538
148.9176	C18-neg	0.000962398	1.914503939
148.9176	C18-neg	0.003568522	1.829671235
148.9176	C18-neg	0.005327571	1.823253862
151.0389	C18-neg	0.007332699	1.806978843
154.9271	C18-neg	0.008930016	-1.738542643
155.8731	C18-neg	0.004315902	-1.757899411
156.9198	C18-neg	0.004556791	1.759924398
156.9199	C18-neg	0.00251818	1.892349502
157.871	C18-neg	0.007108942	-1.710657997
158.892	C18-neg	3.05E-06	2.240178335
160.9343	C18-neg	2.31E-05	2.139252631
160.9343	C18-neg	6.54E-05	1.998073024
160.9343	C18-neg	7.00E-05	2.077179902
160.9343	C18-neg	0.000124462	1.909835981
160.9343	C18-neg	0.000132776	2.020343761
160.9343	C18-neg	0.000244277	1.983456397
160.9343	C18-neg	0.000326047	1.944244203
160.9343	C18-neg	0.000345917	1.887879363
160.9343	C18-neg	0.000462188	1.930327914
160.9343	C18-neg	0.000475013	1.999773327
160.9343	C18-neg	0.000570186	1.98432981
160.9343	C18-neg	0.000593789	1.905839124
160.9343	C18-neg	0.001003729	1.950002118
160.9343	C18-neg	0.001375088	1.889043336
160.9343	C18-neg	0.001402832	1.805488975
160.9343	C18-neg	0.0014476	1.891293161
160.9343	C18-neg	0.001626785	1.897894916
160.9343	C18-neg	0.002441444	1.850963233
160.9343	C18-neg	0.002574606	1.790307635
160.9343	C18-neg	0.002700813	1.770220973
160.9343	C18-neg	0.003279676	1.825636119
160.9343	C18-neg	0.009620787	1.776499279
160.9344	C18-neg	4.97E-05	2.103369771
160.9344	C18-neg	6.89E-05	2.108301855
160.9344	C18-neg	7.41E-05	1.884057035
160.9344	C18-neg	0.000315672	1.858402598
160.9344	C18-neg	0.000326047	1.782617074
160.9344	C18-neg	0.000560195	1.916005342
160.9344	C18-neg	0.000797819	1.899172055
160.9344	C18-neg	0.000921316	1.770823495
160.9344	C18-neg	0.00100149	1.689195825
160.9344	C18-neg	0.001138993	1.788598781
160.9344	C18-neg	0.001359606	1.768293623
160.9344	C18-neg	0.00259219	1.879535939
160.9344	C18-neg	0.003351622	1.857686784
160.9344	C18-neg	0.005645707	1.812953935
160.9344	C18-neg	0.007636848	1.756118409
160.9344	C18-neg	0.008187002	1.673187425
160.9344	C18-neg	0.008323673	1.684660574
165.0546	C18-neg	0.002436857	-1.86746073
167.0199	C18-neg	0.004929279	1.793781419
170.9432	C18-neg	0.002068993	-1.811775094
171.0286	C18-neg	0.001274849	-1.911287775
172.0241	C18-neg	0.000280261	-1.998780145
172.0241	C18-neg	0.000628594	-1.930671895
172.0241	C18-neg	0.000806094	-1.929825313
172.0241	C18-neg	0.001782067	-1.84654443
172.0241	C18-neg	0.002527968	-1.849512465
172.0241	C18-neg	0.002988426	-1.873707472
172.0241	C18-neg	0.003601179	-1.839689244
173.9253	C18-neg	7.04E-06	2.073989592
174.8598	C18-neg	0.000326047	2.029048191
174.8599	C18-neg	0.001244388	1.937447593
176.858	C18-neg	0.000611071	2.000753391
176.8582	C18-neg	6.76E-05	2.096941666
176.8582	C18-neg	8.31E-05	2.071768894
176.8582	C18-neg	0.001827605	1.892702266
176.8582	C18-neg	0.00250328	1.879299747
176.8831	C18-neg	3.30E-06	2.204712708
176.8831	C18-neg	0.000164205	1.898178334
176.8831	C18-neg	0.000212791	1.992087106
176.8831	C18-neg	0.001116257	1.839685468
176.8831	C18-neg	0.004220878	1.738930547
176.8832	C18-neg	6.72E-07	2.176377265
176.8832	C18-neg	4.32E-06	2.102196059
176.8832	C18-neg	6.46E-06	2.033802946
176.8832	C18-neg	1.01E-05	2.05926104
176.8832	C18-neg	1.80E-05	2.040369557
176.8832	C18-neg	5.38E-05	2.028909202
176.8832	C18-neg	5.53E-05	1.996480619
176.8832	C18-neg	6.12E-05	2.122955086
176.8832	C18-neg	6.12E-05	2.085079711
176.8832	C18-neg	0.000105832	1.97058048
176.8832	C18-neg	0.000244277	1.960530934
176.8832	C18-neg	0.000344924	1.984380057
176.8832	C18-neg	0.000350419	1.916090991
176.8832	C18-neg	0.000381651	1.992020158
176.8832	C18-neg	0.001751995	1.889100861
176.8832	C18-neg	0.001848633	1.896626124
176.8832	C18-neg	0.004278015	1.702995615
176.8832	C18-neg	0.00481593	1.728536973
176.8832	C18-neg	0.009654207	1.68438346
176.8833	C18-neg	0.006189896	1.751453095
177.859	C18-neg	0.000356174	2.030809706
179.9353	C18-neg	0.003578354	1.743192994
179.9354	C18-neg	1.07E-05	2.147784398
180.9116	C18-neg	0.00925207	-1.682712571
180.9117	C18-neg	0.002627075	-1.67680805
180.9211	C18-neg	0.005246171	-1.792640738
181.931	C18-neg	7.04E-06	2.114222762
181.931	C18-neg	0.001812689	1.889509942
181.9462	C18-neg	0.00099575	-1.82947778
181.9462	C18-neg	0.003535273	-1.815491374
183.8856	C18-neg	0.000220163	1.955371928
184.8887	C18-neg	8.14E-05	2.081783116
184.8887	C18-neg	0.000157219	2.078519861
184.8888	C18-neg	6.72E-07	2.280476041
184.8888	C18-neg	3.05E-06	2.242927739
184.8888	C18-neg	4.32E-06	2.224400915
184.8888	C18-neg	7.04E-06	2.208067112
184.8888	C18-neg	2.54E-05	2.158544206
184.8888	C18-neg	4.45E-05	2.138669505
184.8888	C18-neg	5.56E-05	2.124588813
184.8888	C18-neg	9.13E-05	2.082812854
184.8888	C18-neg	0.000133977	2.084579496
184.8888	C18-neg	0.000344924	2.020140807
184.8888	C18-neg	0.000348915	2.034581727
184.8888	C18-neg	0.000570186	2.005894206
184.8888	C18-neg	0.000650517	1.997657215
184.8888	C18-neg	0.000877374	1.979606285
184.8888	C18-neg	0.001074344	1.957639564
184.8888	C18-neg	0.002792476	1.890204841
184.9025	C18-neg	6.12E-05	2.061309131
184.9833	C18-neg	0.000159304	2.039347348
184.9833	C18-neg	0.00285461	1.834155043
184.9833	C18-neg	0.00573354	1.763890054
185.0097	C18-neg	0.00230734	-1.851439004
186.8872	C18-neg	1.77E-06	2.254007772
186.8872	C18-neg	3.26E-05	2.141634535
186.8872	C18-neg	3.64E-05	2.137398323
186.8872	C18-neg	6.06E-05	2.113653476
186.8872	C18-neg	0.000162617	2.073311768
186.8872	C18-neg	0.000220705	2.06170972
186.8872	C18-neg	0.000400265	2.008638905
186.8872	C18-neg	0.000428513	2.02185804
186.8872	C18-neg	0.000512358	2.010738376
186.8872	C18-neg	0.000909382	1.901837158
186.8872	C18-neg	0.004660327	1.841205367
186.8872	C18-neg	0.007433618	1.806430486
186.8873	C18-neg	1.07E-05	2.190344948
186.8873	C18-neg	0.000244277	2.056139262
186.9027	C18-neg	0.002700813	1.895387675
186.9028	C18-neg	0.000121978	2.085491513
186.9028	C18-neg	0.003331509	1.858279345
186.9028	C18-neg	0.009505089	1.781841649
186.9287	C18-neg	0.00283597	-1.85958757
186.9287	C18-neg	0.003557612	-1.663797196
187.9917	C18-neg	0.002511063	-1.884712359
191.9454	C18-neg	0.000886547	-1.916984713
191.9454	C18-neg	0.002189047	-1.91287566
194.9047	C18-neg	0.000143167	2.014918052
194.905	C18-neg	2.54E-05	2.147662676
194.905	C18-neg	7.37E-05	2.101814868
194.905	C18-neg	8.07E-05	2.091023314
194.905	C18-neg	0.000296166	2.029642472
196.894	C18-neg	2.95E-05	2.020975912
196.894	C18-neg	0.000772725	1.952385915
196.894	C18-neg	0.000942693	1.829421811
196.894	C18-neg	0.002735403	1.860393324
196.894	C18-neg	0.00445334	1.693074627
197.9015	C18-neg	0.003319785	1.872199219
197.9016	C18-neg	7.88E-05	2.079152014
198.0224	C18-neg	0.009707992	-1.7644429
199.8986	C18-neg	2.31E-05	2.087267665
199.8987	C18-neg	9.49E-05	2.058626468
200.8802	C18-neg	0.000362008	1.875141703
205.8391	C18-neg	6.46E-06	2.174680579
205.9149	C18-neg	0.002698942	1.876185199
205.9351	C18-neg	0.002217713	1.817039536
205.9352	C18-neg	1.46E-05	2.166223929
205.9352	C18-neg	1.46E-05	2.166834387
205.9352	C18-neg	2.06E-05	2.140635322
205.9352	C18-neg	9.80E-05	2.021858548
205.9352	C18-neg	1.83E-04	2.071133537
205.9352	C18-neg	0.000282146	2.048419908
205.9352	C18-neg	0.000348915	2.033063257
205.9352	C18-neg	0.000426586	2.002133985
205.9352	C18-neg	0.002135517	1.886232084
205.9352	C18-neg	0.003991553	1.85765873
205.9352	C18-neg	0.004631873	1.839514541
205.9352	C18-neg	0.004909623	1.841642509
205.9353	C18-neg	0.000160909	2.039785107
205.9353	C18-neg	0.001047625	1.956598785
205.9353	C18-neg	0.005515395	1.811686492
207.8362	C18-neg	6.46E-06	2.172795238
211.9076	C18-neg	0.007710566	1.792171648
211.9077	C18-neg	8.83E-05	2.021199924
211.9077	C18-neg	0.000271416	2.017665346
211.9077	C18-neg	0.00040954	2.018196762
211.9077	C18-neg	0.000707933	1.99306262
211.9077	C18-neg	0.001502957	1.918865464
211.9077	C18-neg	0.00363922	1.85022249
211.9077	C18-neg	0.006002087	1.788023166
211.9077	C18-neg	0.006894592	1.727396135
211.9078	C18-neg	0.003534158	1.86669179
212.9785	C18-neg	0.009080486	1.787358252
215.1283	C18-neg	0.00019361	-1.84046548
215.8677	C18-neg	0.00016645	2.062064038
215.8679	C18-neg	6.72E-07	2.261649116
215.8679	C18-neg	3.72E-06	2.217502177
215.8679	C18-neg	4.32E-06	2.212860404
215.8679	C18-neg	6.54E-06	2.210013062
215.8679	C18-neg	1.12E-05	2.188647883
215.8679	C18-neg	1.97E-05	2.172785105
215.8679	C18-neg	5.56E-05	2.078669542
215.8679	C18-neg	8.62E-05	2.099776527
215.8679	C18-neg	0.00015959	2.077820706
215.868	C18-neg	1.77E-06	2.259492858
215.868	C18-neg	7.14E-06	2.192784956
215.868	C18-neg	1.05E-05	2.1895668
215.868	C18-neg	9.87E-05	2.087929293
215.8681	C18-neg	2.54E-05	2.161659538
219.8449	C18-neg	0.000101152	2.096327398
219.8449	C18-neg	0.000217674	2.041800735
219.8449	C18-neg	0.001553257	1.870117217
219.8449	C18-neg	0.002899709	1.877669386
220.8796	C18-neg	0.001848633	1.845789742
223.1698	C18-neg	0.002142824	-1.904358976
223.7978	C18-neg	0.005789017	1.828479758
227.1648	C18-neg	1.01E-05	-2.103434758
227.1648	C18-neg	0.001010115	-1.872800989
228.914	C18-neg	0.000615729	1.930107284
229.1441	C18-neg	0.005101738	-1.670108351
229.8738	C18-neg	6.12E-05	2.109373266
229.8738	C18-neg	0.000102896	2.032114945
229.8738	C18-neg	0.000895505	1.924783218
229.8738	C18-neg	0.004234349	1.840047806
229.8738	C18-neg	0.005462795	1.748996821
230.9085	C18-neg	8.55E-05	2.045608631
231.931	C18-neg	0.000416517	1.832779115
231.9311	C18-neg	0.000976962	1.924505085
231.9312	C18-neg	0.002636752	1.67978537
231.9312	C18-neg	0.002882007	1.765826761
231.9313	C18-neg	0.0002673	2.012798975
231.9313	C18-neg	0.002091285	1.848150303
231.9313	C18-neg	0.003450765	1.719314691
231.9313	C18-neg	0.005900875	1.790639009
231.9313	C18-neg	0.007710566	1.687526683
231.9313	C18-neg	0.009051988	1.778631334
233.1543	C18-neg	0.004589313	-1.80850183
233.8556	C18-neg	3.04E-06	2.2223748
233.8556	C18-neg	4.32E-06	2.178773623
233.8556	C18-neg	7.66E-06	2.133931345
233.8556	C18-neg	1.55E-05	2.136378812
233.8556	C18-neg	2.95E-05	2.105717166
233.8556	C18-neg	4.08E-05	2.107827434
233.8556	C18-neg	6.26E-05	2.058728764
233.8556	C18-neg	7.00E-05	2.117070194
233.8556	C18-neg	0.000593789	1.97655921
233.8557	C18-neg	2.85E-06	2.163884954
233.8557	C18-neg	3.17E-06	2.185799191
233.8557	C18-neg	3.72E-06	2.159548765
233.8557	C18-neg	6.46E-06	2.18096028
233.8557	C18-neg	1.07E-05	2.148464527
233.8557	C18-neg	2.95E-05	2.128316974
233.8557	C18-neg	4.41E-05	2.087468765
233.8557	C18-neg	5.58E-05	2.08299005
233.8557	C18-neg	5.77E-05	2.086291747
233.8557	C18-neg	0.001161657	1.948486389
235.8513	C18-neg	6.46E-06	2.202473318
235.8513	C18-neg	0.000107985	1.978825336
235.8514	C18-neg	2.25E-05	2.144803709
235.8514	C18-neg	4.41E-05	2.128305481
235.8515	C18-neg	0.000106086	1.972005584
236.8571	C18-neg	2.06E-05	2.036441296
236.8571	C18-neg	7.63E-05	2.042664078
236.8571	C18-neg	9.48E-05	2.007051298
236.8571	C18-neg	0.000427975	1.977187064
236.8571	C18-neg	0.000700831	1.916677058
236.8571	C18-neg	0.000921316	1.89160341
236.8571	C18-neg	0.00920109	1.678026486
236.8572	C18-neg	3.30E-06	2.069461935
236.8572	C18-neg	3.77E-06	2.150513877
236.8572	C18-neg	6.46E-06	2.107376651
236.8572	C18-neg	8.82E-06	2.098484675
236.8572	C18-neg	1.02E-05	2.082642464
236.8572	C18-neg	2.14E-05	2.073144301
236.8572	C18-neg	5.37E-05	2.062785736
236.8572	C18-neg	5.56E-05	2.066365763
236.8572	C18-neg	5.56E-05	2.034992944
236.8572	C18-neg	6.12E-05	2.071577195
236.8572	C18-neg	6.28E-05	1.927930239
236.8572	C18-neg	6.76E-05	2.015598026
236.8572	C18-neg	7.48E-05	2.047056907
236.8572	C18-neg	7.48E-05	1.944590789
236.8572	C18-neg	8.76E-05	1.970522935
236.8572	C18-neg	9.48E-05	2.037938972
236.8572	C18-neg	9.80E-05	2.012433097
236.8572	C18-neg	0.000101152	1.982130945
236.8572	C18-neg	0.000137293	1.918663472
236.8572	C18-neg	0.000137517	2.015622612
236.8572	C18-neg	0.000138598	1.999393576
236.8572	C18-neg	0.000159304	2.002153125
236.8572	C18-neg	0.000212473	1.990125108
236.8572	C18-neg	0.000275945	1.876199264
236.8572	C18-neg	0.000340743	1.954035206
236.8572	C18-neg	0.000428256	1.891375166
236.8572	C18-neg	0.000548253	1.932525405
236.8572	C18-neg	0.002301504	1.890199577
236.8572	C18-neg	0.00359258	1.762319624
236.8572	C18-neg	0.00402417	1.728437865
236.8572	C18-neg	0.00926598	1.707362055
236.8573	C18-neg	2.27E-06	2.119486209
236.8573	C18-neg	3.20E-06	2.148666369
236.8573	C18-neg	3.72E-06	2.056926604
236.8573	C18-neg	3.80E-06	2.123360839
236.8573	C18-neg	1.01E-05	2.095001259
236.8573	C18-neg	2.11E-05	2.063460359
236.8573	C18-neg	2.54E-05	2.026913191
236.8573	C18-neg	3.04E-05	2.000031203
236.8573	C18-neg	3.08E-05	1.98072667
236.8573	C18-neg	3.51E-05	2.041059968
236.8573	C18-neg	3.91E-05	2.034371229
236.8573	C18-neg	4.64E-05	1.986175894
236.8573	C18-neg	8.14E-05	1.950600002
236.8573	C18-neg	9.87E-05	2.069222225
236.8573	C18-neg	9.87E-05	2.036110855
236.8573	C18-neg	0.000156586	2.014664242
236.8573	C18-neg	0.000164205	2.004382703
236.8573	C18-neg	0.000199704	1.904305925
236.8573	C18-neg	0.000338978	1.936417833
236.8573	C18-neg	0.000344924	1.993841949
236.8573	C18-neg	0.000441526	1.954795249
236.8573	C18-neg	0.000512358	1.952058681
236.8573	C18-neg	0.000512358	1.887375226
236.8573	C18-neg	0.003529411	1.72473435
236.8573	C18-neg	0.003578354	1.806498068
236.8573	C18-neg	0.005954389	1.78695069
236.8574	C18-neg	3.42E-05	1.93242202
238.8803	C18-neg	0.008187002	-1.763152625
238.9314	C18-neg	0.000471404	-1.989259269
238.9314	C18-neg	0.000514795	-1.873841793
238.9314	C18-neg	0.000572329	-1.986469512
238.9314	C18-neg	0.001189007	-1.907921453
238.9314	C18-neg	0.001812689	-1.830854909
238.9314	C18-neg	0.002460668	-1.864082969
238.9314	C18-neg	0.003755541	-1.775339749
238.9315	C18-neg	2.31E-05	-2.030033736
238.9315	C18-neg	0.000294587	-1.960995707
238.9315	C18-neg	0.001158138	-1.882545165
238.9315	C18-neg	0.009474259	-1.562079024
239.1286	C18-neg	0.000375647	-2.030784901
239.86	C18-neg	0.000160242	2.077865034
239.9367	C18-neg	0.001391873	1.935868323
240.8705	C18-neg	1.26E-05	2.143799127
240.8705	C18-neg	2.03E-05	2.154165939
240.8705	C18-neg	2.31E-05	2.118182047
240.8705	C18-neg	7.88E-05	2.110598847
240.8705	C18-neg	9.80E-05	2.101086888
240.8706	C18-neg	3.20E-06	2.236923243
240.8706	C18-neg	6.46E-06	2.212495281
240.8706	C18-neg	2.59E-05	2.157518464
240.8706	C18-neg	2.74E-05	2.15850739
240.8706	C18-neg	3.70E-05	2.143637026
240.8706	C18-neg	4.41E-05	2.098695752
240.8706	C18-neg	0.000212473	2.048078968
240.8706	C18-neg	0.001987559	1.899496029
240.8706	C18-neg	0.003742378	1.868184847
240.8707	C18-neg	2.09E-05	2.16964496
240.8707	C18-neg	0.000797819	1.98469618
240.8707	C18-neg	0.00135494	1.948497852
240.8708	C18-neg	8.49E-05	2.108488337
241.1443	C18-neg	0.001581314	-1.931673306
241.1443	C18-neg	0.005759611	-1.582874227
241.1806	C18-neg	0.006403045	-1.816938951
241.1806	C18-neg	0.007830305	-1.540110139
242.8596	C18-neg	0.009328028	1.77576802
242.8597	C18-neg	0.007806248	1.797193766
243.1599	C18-neg	0.000136519	-2.083016815
243.1599	C18-neg	0.000248731	-1.965653373
243.9676	C18-neg	0.006916673	1.625158711
245.9709	C18-neg	0.00251818	1.891732217
247.9235	C18-neg	0.00015986	2.036992497
247.9235	C18-neg	0.000385053	1.964168416
247.9235	C18-neg	0.005947079	1.705166518
247.9236	C18-neg	8.14E-05	2.069431965
248.9	C18-neg	0.003712527	-1.74417694
248.9731	C18-neg	2.54E-05	2.149679506
249.113	C18-neg	2.70E-05	-2.062141967
250.1446	C18-neg	0.003755541	-1.853412699
255	C18-neg	0.003634433	1.820516014
256	C18-neg	9.15E-06	2.197532874
256	C18-neg	0.001120139	1.96219579
257	C18-neg	7.93E-05	-1.987532836
257	C18-neg	0.008840179	1.70877025
258	C18-neg	0.000865003	1.972892341
260	C18-neg	0.002776424	1.889682364
263	C18-neg	0.000894993	1.934193945
263	C18-neg	0.001135207	1.958653482
263	C18-neg	0.003171432	1.783463027
263	C18-neg	0.003440376	1.838053558
265	C18-neg	2.41E-05	-2.164093679
265	C18-neg	0.00023428	-1.964349529
269	C18-neg	0.00926598	-1.776626731
269	C18-neg	0.009625708	-1.469856668
270	C18-neg	0.000333605	-2.003247919
271	C18-neg	0.002158168	-1.868296488
275	C18-neg	3.40E-06	2.125218348
275	C18-neg	1.50E-05	1.970913835
275	C18-neg	6.12E-05	2.015101684
275	C18-neg	0.000362327	2.002541222
275	C18-neg	0.000807537	1.983497422
275	C18-neg	0.001150775	1.936183914
275	C18-neg	0.001296203	1.951872294
275	C18-neg	0.004670429	1.815089632
275	C18-neg	0.00926598	1.776683708
276	C18-neg	0.000342761	2.034746722
276	C18-neg	0.006072428	1.804919974
281	C18-neg	0.002441444	-1.904432729
281	C18-neg	0.005678893	1.781270292
282	C18-neg	0.001098273	-1.896464202
285	C18-neg	2.03E-05	-2.069138522
285	C18-neg	0.000206	-2.031011712
285	C18-neg	0.000389513	-1.865854518
285	C18-neg	0.00099187	-1.763941903
286	C18-neg	1.15E-06	2.232155982
286	C18-neg	0.005048211	1.817360261
287	C18-neg	8.49E-05	2.080587629
287	C18-neg	0.002036794	1.910549719
287	C18-neg	0.002334526	-1.871502882
287	C18-neg	0.007300819	1.770555169
291	C18-neg	5.77E-05	1.983713332
291	C18-neg	0.000526091	1.965857588
292	C18-neg	0.00070463	1.98227721
293	C18-neg	0.000375647	2.022386192
295	C18-neg	0.000205977	1.969094502
295	C18-neg	0.000285627	2.007143473
297	C18-neg	0.003119585	-1.797731776
301	C18-neg	0.008335232	-1.760190888
302	C18-neg	7.89E-06	2.138607314
302	C18-neg	0.000153222	2.008718135
303	C18-neg	0.008865259	-1.653809232
305	C18-neg	0.002030462	-1.891556214
307	C18-neg	0.000956401	-1.858151247
308	C18-neg	0.002442615	1.824346329
309	C18-neg	5.53E-05	-2.050285357
309	C18-neg	0.004298915	-1.807216272
310	C18-neg	3.26E-06	2.218447712
310	C18-neg	6.46E-06	2.189563769
310	C18-neg	7.66E-06	2.19995113
310	C18-neg	2.13E-05	2.075023926
310	C18-neg	0.000130012	2.079829606
310	C18-neg	0.00847238	-1.700963157
319	C18-neg	1.26E-05	2.148963639
319	C18-neg	2.28E-05	2.151656024
321	C18-neg	1.48E-06	2.100413979
321	C18-neg	3.40E-06	2.108617958
321	C18-neg	6.46E-06	2.193092533
321	C18-neg	3.70E-05	1.994396741
321	C18-neg	6.89E-05	2.02721796
321	C18-neg	0.000106086	1.971377002
321	C18-neg	0.000262425	1.983351288
321	C18-neg	0.00450055	1.833211442
321	C18-neg	0.00481593	1.835349684
323	C18-neg	0.000117544	2.05583384
323	C18-neg	0.000296223	1.868003113
325	C18-neg	3.05E-06	2.21765738
325	C18-neg	3.57E-05	2.145063362
325	C18-neg	0.002334526	1.878609636
325	C18-neg	0.002852126	1.885198319
327	C18-neg	0.001412109	-1.848211197
333	C18-neg	7.89E-06	2.192175616
333	C18-neg	0.000375647	-1.920615271
335	C18-neg	0.0002673	-2.00907768
337	C18-neg	3.30E-06	2.225235601
343	C18-neg	0.005172837	1.833914723
344	C18-neg	0.00422244	1.683712662
344	C18-neg	0.005747493	1.81794116
344	C18-neg	0.007285455	1.690297406
348	C18-neg	0.000544245	1.950453045
353	C18-neg	0.000772725	-1.894509933
353	C18-neg	0.001131669	-1.886067394
353	C18-neg	0.001389522	-1.778229867
353	C18-neg	0.003224582	-1.751299935
353	C18-neg	0.003712527	-1.796531681
359	C18-neg	1.26E-05	2.174046665
360	C18-neg	0.000444056	-1.980100922
360	C18-neg	0.000962398	1.93532349
360	C18-neg	0.005465748	1.834521712
369	C18-neg	0.000514795	-2.008180471
369	C18-neg	0.000600876	-1.929755702
369	C18-neg	0.001189271	-1.91204521
369	C18-neg	0.00467762	-1.704685529
376	C18-neg	0.004316508	1.801634366
377	C18-neg	5.03E-05	2.123254603
378	C18-neg	4.32E-06	2.202987426
378	C18-neg	3.79E-05	2.124206046
378	C18-neg	0.002456002	-1.82564607
380	C18-neg	6.72E-07	2.180198008
380	C18-neg	4.61E-06	2.122045563
380	C18-neg	1.22E-05	2.128448246
380	C18-neg	2.40E-05	2.125810411
380	C18-neg	2.44E-05	2.099226444
380	C18-neg	0.000560172	1.994241955
380	C18-neg	0.00231936	1.748820847
391	C18-neg	0.002150366	1.887644674
393	C18-neg	1.57E-05	2.171988112
393	C18-neg	0.000167456	2.074728519
393	C18-neg	0.003243047	1.862649477
401	C18-neg	1.26E-05	2.181295242
403	C18-neg	0.002625848	-1.848544815
405	C18-neg	0.000122536	1.955432931
405	C18-neg	0.000624058	1.907859978
405	C18-neg	0.000793772	1.97120943
405	C18-neg	0.000853253	1.74091773
405	C18-neg	0.001278685	1.84850385
405	C18-neg	0.003742252	1.866872747
412	C18-neg	0.002048544	1.917247865
413	C18-neg	0.001523164	1.935561099
421	C18-neg	0.002776424	-1.886025957
423	C18-neg	0.000560282	-2.005226281
427	C18-neg	7.04E-06	2.196472494
430	C18-neg	0.006697893	1.808551638
431	C18-neg	3.70E-05	2.09526909
431	C18-neg	0.000411979	1.94347423
437	C18-neg	0.000119325	2.033875163
437	C18-neg	0.003159032	1.874565346
446	C18-neg	0.006696621	1.797490324
447	C18-neg	0.001125799	1.961911413
449	C18-neg	6.67E-05	2.11540958
449	C18-neg	0.000362008	2.025910581
451	C18-neg	0.007718185	1.544868514
453	C18-neg	0.004670429	-1.767546528
455	C18-neg	0.001532078	1.84287072
460	C18-neg	0.005945235	1.814164545
473	C18-neg	0.005032863	-1.785467739
475	C18-neg	0.003755541	-1.777185175
477	C18-neg	0.002574606	-1.828240674
488	C18-neg	0.006701569	1.806650516
488	C18-neg	0.007915702	1.792821369
491	C18-neg	0.000145129	2.082940877
491	C18-neg	0.001372662	-1.940281793
493	C18-neg	0.000377257	2.029874895
495	C18-neg	0.000396761	2.025625878
495	C18-neg	0.00481593	1.741032036
509	C18-neg	0.000375647	-1.970990009
509	C18-neg	0.004589313	-1.714956509
515	C18-neg	0.000541713	-1.844649872
515	C18-neg	0.005191448	-1.770206774
563	C18-neg	0.002367727	1.900622747
803	C18-neg	0.000829105	1.967754892
803	C18-neg	0.002146951	1.882332856
806	C18-neg	0.00023181	2.059415108
806	C18-neg	0.000262425	2.050138222
806	C18-neg	0.000412083	2.024377635
817	C18-neg	4.35E-05	1.971440311
823	C18-neg	0.000590381	2.004574983
823	C18-neg	0.000809581	1.984477374
836	C18-neg	0.003593372	-1.858041761
836	C18-neg	0.006403379	-1.795607442
845	C18-neg	0.000273271	2.047648523
