239.1286	C18-neg	0.000375647	-2.030784901
116.9148	C18-neg	0.000428046	1.902979618
156.9199	C18-neg	0.00251818	1.892349502
156.9198	C18-neg	0.004556791	1.759924398
176.858	C18-neg	0.000611071	2.000753391
180.9211	C18-neg	0.005246171	-1.792640738
151.0389	C18-neg	0.007332699	1.806978843
98.9377	C18-neg	0.0002776	2.042920357
125.8719	C18-neg	6.76E-06	2.19774082
145.9405	C18-neg	0.000116347	1.919114502
495	C18-neg	0.000396761	2.025625878
126.9039	C18-neg	0.003742252	-1.8336883
205.9149	C18-neg	0.002698942	1.876185199
238.9315	C18-neg	2.31E-05	-2.030033736
229.1441	C18-neg	0.005101738	-1.670108351
139.0025	C18-neg	0.001738148	-1.868841645
205.9351	C18-neg	0.002217713	1.817039536
205.9352	C18-neg	1.46E-05	2.166834387
205.9353	C18-neg	0.000160909	2.039785107
146.9374	C18-neg	0.002080815	1.917062465
344	C18-neg	0.005747493	1.81794116
118.0034	C18-neg	0.007152067	-1.774394106
405	C18-neg	0.000793772	1.97120943
403	C18-neg	0.002625848	-1.848544815
248.9731	C18-neg	2.54E-05	2.149679506
236.8574	C18-neg	3.42E-05	1.93242202
281	C18-neg	0.002441444	-1.904432729
205.8391	C18-neg	6.46E-06	2.174680579
282	C18-neg	0.001098273	-1.896464202
285	C18-neg	2.03E-05	-2.069138522
186.9028	C18-neg	0.000121978	2.085491513
286	C18-neg	1.15E-06	2.232155982
239.86	C18-neg	0.000160242	2.077865034
227.1648	C18-neg	1.01E-05	-2.103434758
109.9326	C18-neg	0.007056171	-1.639584022
165.0546	C18-neg	0.002436857	-1.86746073
263	C18-neg	0.001135207	1.958653482
421	C18-neg	0.002776424	-1.886025957
260	C18-neg	0.002776424	1.889682364
116.9399	C18-neg	0.00599326	1.703204301
116.9398	C18-neg	9.60E-05	1.973520221
265	C18-neg	2.41E-05	-2.164093679
199.8986	C18-neg	2.31E-05	2.087267665
269	C18-neg	0.00926598	-1.776626731
455	C18-neg	0.001532078	1.84287072
215.1283	C18-neg	0.00019361	-1.84046548
138.0184	C18-neg	0.001135207	1.920612695
138.0183	C18-neg	0.006490967	1.80801386
378	C18-neg	4.32E-06	2.202987426
200.8802	C18-neg	0.000362008	1.875141703
141.01	C18-neg	0.009164341	-1.782732083
412	C18-neg	0.002048544	1.917247865
191.9454	C18-neg	0.000886547	-1.916984713
118.965	C18-neg	4.70E-05	-2.090231619
143.0701	C18-neg	0.005747493	1.825533332
295	C18-neg	0.000285627	2.007143473
292	C18-neg	0.00070463	1.98227721
293	C18-neg	0.000375647	2.022386192
377	C18-neg	5.03E-05	2.123254603
240.8706	C18-neg	3.20E-06	2.236923243
319	C18-neg	2.28E-05	2.151656024
219.8449	C18-neg	0.000101152	2.096327398
157.871	C18-neg	0.007108942	-1.710657997
240.8705	C18-neg	2.03E-05	2.154165939
99.0073	C18-neg	0.00578954	-1.765867789
310	C18-neg	3.26E-06	2.218447712
117.0175	C18-neg	0.000815361	-1.831569109
117.0177	C18-neg	0.000468358	-1.88447041
117.0176	C18-neg	0.000159248	-1.929744565
270	C18-neg	0.000333605	-2.003247919
239.9367	C18-neg	0.001391873	1.935868323
391	C18-neg	0.002150366	1.887644674
215.8681	C18-neg	2.54E-05	2.161659538
276	C18-neg	0.000342761	2.034746722
197.9015	C18-neg	0.003319785	1.872199219
413	C18-neg	0.001523164	1.935561099
197.9016	C18-neg	7.88E-05	2.079152014
96.9681	C18-neg	0.000640689	-1.883442671
233.1543	C18-neg	0.004589313	-1.80850183
229.8738	C18-neg	6.12E-05	2.109373266
198.0224	C18-neg	0.009707992	-1.7644429
230.9085	C18-neg	8.55E-05	2.045608631
238.9314	C18-neg	0.000471404	-1.989259269
257	C18-neg	7.93E-05	-1.987532836
121.9034	C18-neg	0.000176118	2.072932153
241.1443	C18-neg	0.001581314	-1.931673306
447	C18-neg	0.001125799	1.961911413
184.9025	C18-neg	6.12E-05	2.061309131
158.892	C18-neg	3.05E-06	2.240178335
369	C18-neg	0.000514795	-2.008180471
240.8708	C18-neg	8.49E-05	2.108488337
423	C18-neg	0.000560282	-2.005226281
172.0241	C18-neg	0.000280261	-1.998780145
186.9287	C18-neg	0.00283597	-1.85958757
249.113	C18-neg	2.70E-05	-2.062141967
308	C18-neg	0.002442615	1.824346329
309	C18-neg	5.53E-05	-2.050285357
449	C18-neg	6.67E-05	2.11540958
186.8872	C18-neg	1.77E-06	2.254007772
301	C18-neg	0.008335232	-1.760190888
302	C18-neg	7.89E-06	2.138607314
303	C18-neg	0.008865259	-1.653809232
220.8796	C18-neg	0.001848633	1.845789742
136.9312	C18-neg	0.000909382	-1.959270304
136.9311	C18-neg	0.00066277	-1.991287822
305	C18-neg	0.002030462	-1.891556214
380	C18-neg	6.72E-07	2.180198008
243.1599	C18-neg	0.000136519	-2.083016815
446	C18-neg	0.006696621	1.797490324
124.9537	C18-neg	0.001041816	1.819604531
187.9917	C18-neg	0.002511063	-1.884712359
297	C18-neg	0.003119585	-1.797731776
184.9833	C18-neg	0.000159304	2.039347348
307	C18-neg	0.000956401	-1.858151247
128.0341	C18-neg	3.04E-06	-2.233586271
845	C18-neg	0.000273271	2.047648523
123.0075	C18-neg	0.000212791	-2.046202392
194.905	C18-neg	2.54E-05	2.147662676
823	C18-neg	0.000590381	2.004574983
235.8513	C18-neg	6.46E-06	2.202473318
437	C18-neg	0.000119325	2.033875163
291	C18-neg	5.77E-05	1.983713332
515	C18-neg	0.000541713	-1.844649872
493	C18-neg	0.000377257	2.029874895
430	C18-neg	0.006697893	1.808551638
431	C18-neg	3.70E-05	2.09526909
185.0097	C18-neg	0.00230734	-1.851439004
271	C18-neg	0.002158168	-1.868296488
223.1698	C18-neg	0.002142824	-1.904358976
337	C18-neg	3.30E-06	2.225235601
453	C18-neg	0.004670429	-1.767546528
236.8571	C18-neg	7.63E-05	2.042664078
171.0286	C18-neg	0.001274849	-1.911287775
236.8573	C18-neg	3.20E-06	2.148666369
236.8572	C18-neg	3.77E-06	2.150513877
177.859	C18-neg	0.000356174	2.030809706
258	C18-neg	0.000865003	1.972892341
240.8707	C18-neg	2.09E-05	2.16964496
235.8514	C18-neg	2.25E-05	2.144803709
196.894	C18-neg	2.95E-05	2.020975912
235.8515	C18-neg	0.000106086	1.972005584
155.8731	C18-neg	0.004315902	-1.757899411
94.9935	C18-neg	2.03E-05	2.168240782
255	C18-neg	0.003634433	1.820516014
211.9078	C18-neg	0.003534158	1.86669179
113.9249	C18-neg	0.000634481	1.973450244
96.9586	C18-neg	0.001063956	-1.962987804
186.9027	C18-neg	0.002700813	1.895387675
148.9176	C18-neg	3.42E-05	2.057711116
119.9063	C18-neg	2.74E-06	2.231189623
211.9076	C18-neg	0.007710566	1.792171648
211.9077	C18-neg	8.83E-05	2.021199924
103.9188	C18-neg	7.66E-06	2.098143888
509	C18-neg	0.000375647	-1.970990009
401	C18-neg	1.26E-05	2.181295242
184.8887	C18-neg	8.14E-05	2.081783116
184.8888	C18-neg	6.72E-07	2.280476041
207.8362	C18-neg	6.46E-06	2.172795238
343	C18-neg	0.005172837	1.833914723
460	C18-neg	0.005945235	1.814164545
233.8556	C18-neg	3.04E-06	2.2223748
233.8557	C18-neg	3.17E-06	2.185799191
176.8831	C18-neg	3.30E-06	2.204712708
176.8833	C18-neg	0.006189896	1.751453095
176.8832	C18-neg	6.72E-07	2.176377265
174.8598	C18-neg	0.000326047	2.029048191
174.8599	C18-neg	0.001244388	1.937447593
160.9344	C18-neg	6.89E-05	2.108301855
160.9343	C18-neg	2.31E-05	2.139252631
335	C18-neg	0.0002673	-2.00907768
118.9229	C18-neg	0.001507793	1.873737798
215.868	C18-neg	1.77E-06	2.259492858
393	C18-neg	1.57E-05	2.171988112
212.9785	C18-neg	0.009080486	1.787358252
142.9277	C18-neg	0.000616687	1.998502325
199.8987	C18-neg	9.49E-05	2.058626468
241.1806	C18-neg	0.006403045	-1.816938951
228.914	C18-neg	0.000615729	1.930107284
348	C18-neg	0.000544245	1.950453045
142.9278	C18-neg	9.70E-05	2.025826412
360	C18-neg	0.000444056	-1.980100922
173.9253	C18-neg	7.04E-06	2.073989592
242.8597	C18-neg	0.007806248	1.797193766
287	C18-neg	8.49E-05	2.080587629
256	C18-neg	9.15E-06	2.197532874
183.8856	C18-neg	0.000220163	1.955371928
223.7978	C18-neg	0.005789017	1.828479758
817	C18-neg	4.35E-05	1.971440311
231.9312	C18-neg	0.002882007	1.765826761
194.9047	C18-neg	0.000143167	2.014918052
275	C18-neg	3.40E-06	2.125218348
144.9222	C18-neg	0.003224582	1.769403543
427	C18-neg	7.04E-06	2.196472494
242.8596	C18-neg	0.009328028	1.77576802
231.931	C18-neg	0.000416517	1.832779115
231.9313	C18-neg	0.0002673	2.012798975
102.0183	C18-neg	0.003678209	-1.804139134
231.9311	C18-neg	0.000976962	1.924505085
245.9709	C18-neg	0.00251818	1.891732217
238.8803	C18-neg	0.008187002	-1.763152625
154.9271	C18-neg	0.008930016	-1.738542643
836	C18-neg	0.003593372	-1.858041761
138.9092	C18-neg	6.54E-05	2.073033039
473	C18-neg	0.005032863	-1.785467739
127.869	C18-neg	6.17E-05	2.07745925
247.9235	C18-neg	0.00015986	2.036992497
247.9236	C18-neg	8.14E-05	2.069431965
323	C18-neg	0.000117544	2.05583384
321	C18-neg	6.46E-06	2.193092533
327	C18-neg	0.001412109	-1.848211197
488	C18-neg	0.006701569	1.806650516
325	C18-neg	3.05E-06	2.21765738
353	C18-neg	0.000772725	-1.894509933
333	C18-neg	7.89E-06	2.192175616
135.9697	C18-neg	0.000389513	-2.024669976
133.013	C18-neg	0.001581314	1.908146782
248.9	C18-neg	0.003712527	-1.74417694
563	C18-neg	0.002367727	1.900622747
250.1446	C18-neg	0.003755541	-1.853412699
108.0054	C18-neg	0.009620787	-1.780871628
108.0053	C18-neg	0.006202274	-1.682613442
144.9905	C18-neg	0.001573939	1.937101255
176.8582	C18-neg	6.76E-05	2.096941666
181.931	C18-neg	7.04E-06	2.114222762
94.9936	C18-neg	0.000326047	2.003694781
170.9432	C18-neg	0.002068993	-1.811775094
128.034	C18-neg	0.000119325	-2.056688347
180.9116	C18-neg	0.00925207	-1.682712571
180.9117	C18-neg	0.002627075	-1.67680805
118.9913	C18-neg	0.000326047	2.030663648
118.9912	C18-neg	2.54E-05	2.138204613
167.0199	C18-neg	0.004929279	1.793781419
142.9521	C18-neg	7.14E-05	-2.11027239
179.9354	C18-neg	1.07E-05	2.147784398
451	C18-neg	0.007718185	1.544868514
179.9353	C18-neg	0.003578354	1.743192994
129.9351	C18-neg	5.38E-05	2.129866277
98.9476	C18-neg	0.005137124	-1.815996991
186.8873	C18-neg	1.07E-05	2.190344948
243.9676	C18-neg	0.006916673	1.625158711
215.8679	C18-neg	6.72E-07	2.261649116
477	C18-neg	0.002574606	-1.828240674
475	C18-neg	0.003755541	-1.777185175
803	C18-neg	0.000829105	1.967754892
181.9462	C18-neg	0.00099575	-1.82947778
215.8677	C18-neg	0.00016645	2.062064038
376	C18-neg	0.004316508	1.801634366
491	C18-neg	0.000145129	2.082940877
806	C18-neg	0.00023181	2.059415108
359	C18-neg	1.26E-05	2.174046665
